9 January 2002
All known Extrasolar Planets:
M sin i < 15 Mjup
Compiled by California and Carnegie Planet Search
http://exoplanets.org/planet_table.shtml
                                                    ICRS 2000.0 coordinates*
             M sin i    Per    a          K   Mstar -------------+----------
             (Mjup)     (d)  (AU)   e   (m/s) (suns)     R.A.    |    Dec
-----------------------------------------------------------------+----------
 1 HD83443b    0.35    2.986 0.04 0.08   57.0  0.79 | 09 37 11.8 | -43 16 20
 2 HD46375     0.25    3.024 0.04 0.02   35.2  1.00 | 06 33 12.6 |   5 27 47
 3 HD179949    0.93    3.092 0.04 0.00  112.0  1.24 | 19 15 33.2 | -24 10 46
 4 HD187123    0.54    3.097 0.04 0.01   72.0  1.06 | 19 46 58.1 |  34 25 10
 5 TauBoo      4.14    3.313 0.05 0.02  474.0  1.30 | 13 47 15.7 |  17 27 25
 6 BD-103166   0.48    3.487 0.05 0.05   60.6  1.10 | 10 58 28.8 | -10 46 13
 7 HD75289     0.46    3.508 0.05 0.01   56.0  1.15 | 08 47 40.4 | -41 44 12
 8 HD209458    0.63    3.524 0.05 0.02   82.0  1.05 | 22 03 10.8 |  18 53  4
 9 51Peg       0.46    4.231 0.05 0.01   55.2  1.06 | 22 57 28.0 |  20 46  8
10 UpsAndb     0.68    4.617 0.06 0.02   70.2  1.30 | 01 36 47.8 |  41 24 20
11 HD68988     1.90    6.276 0.07 0.14  187.0  1.20 | 08 18 22.2 |  61 27 39
12 HD168746    0.24    6.400 0.07 0.00   28.0  0.92 | 18 21 49.8 | -11 55 22
13 HD217107    1.29    7.130 0.07 0.14  139.7  0.98 | 22 58 15.5 |  -2 23 43
14 HD162020   13.73    8.420 0.07 0.28 1813.0  0.70 | 17 50 38.4 | -40 19  6
15 HD130322    1.15   10.720 0.09 0.05  115.0  0.89 | 14 47 32.7 |   0 16 53
16 HD108147    0.35   10.880 0.10 0.56   37.0  1.05 | 12 25 46.3 | -64 01 20
17 HD38529     0.79   14.310 0.13 0.12   53.6  1.39 | 05 46 34.9 |   1 10  5
18 55Cnc       0.93   14.660 0.12 0.03   75.8  1.03 | 08 52 35.8 |  28 19 51
19 GJ86        4.23   15.800 0.12 0.04  379.0  0.86 | 02 10 25.9 | -50 49 25
20 HD195019    3.55   18.200 0.14 0.02  271.0  1.02 | 20 28 18.6 |  18 46 10
21 HD6434      0.48   22.090 0.15 0.30   37.0  0.99 | 01 04 40.2 | -39 29 18
22 HD192263    0.81   24.350 0.15 0.22   68.2  0.79 | 20 13 59.8 |   0 52  1
23 HD83443c    0.17   29.830 0.17 0.42   14.0  0.79 | 09 37 11.8 | -43 16 20
24 GJ876c      0.56   30.120 0.13 0.27   81.0  0.32 | 22 53 16.7 | -14 15 49
25 RhoCrB      0.99   39.810 0.22 0.07   61.3  0.95 | 16 01  2.7 |  33 18 12
26 HD74156b    1.55   51.600 0.28 0.65  108.0  1.05 | 08 42 25.1 |   4 34 41
27 HD168443b   7.64   58.100 0.29 0.53  470.0  1.01 | 18 20  3.9 |  -9 35 45
28 GJ876b      1.89   61.020 0.21 0.10  210.0  0.32 | 22 53 16.7 | -14 15 49
29 HD121504    0.89   64.620 0.32 0.13   45.0  1.02 | 13 57 17.2 | -56 02 24
30 HD178911B   6.46   71.500 0.33 0.14  343.0  0.90 | 19 09  3.1 |  34 35 59
31 HD16141     0.22   75.800 0.35 0.00   10.8  1.00 | 02 35 19.9 |  -3 33 38
32 HD114762   10.96   84.030 0.35 0.33  615.0  0.82 | 13 12 19.7 |  17 31  2
33 HD80606     3.43  111.800 0.44 0.93  414.0  0.90 | 09 22 37.6 |  50 36 13
34 70Vir       7.42  116.700 0.48 0.40  316.2  1.10 | 13 28 25.8 |  13 46 44
35 HD52265     1.14  119.000 0.49 0.29   45.4  1.13 | 07 00 18.0 |  -5 22  2
36 HD1237      3.45  133.800 0.51 0.51  164.0  0.96 | 00 16 12.7 | -79 51  4
37 HD37124     1.13  154.800 0.55 0.31   48.0  0.91 | 05 37  2.5 |  20 43 51
38 HD82943c    0.88  221.600 0.73 0.54   34.0  1.05 | 09 34 50.7 | -12 07 46
39 HD8574      2.23  228.800 0.76 0.40   76.0  1.10 | 01 25 12.5 |  28 34  0
40 HD169830    2.95  230.400 0.82 0.34   83.0  1.40 | 18 27 49.5 | -29 49  1
41 UpsAndc     2.05  241.300 0.83 0.24   58.0  1.30 | 01 36 47.8 |  41 24 20
42 HD12661     2.84  250.500 0.80 0.19   89.1  1.07 | 02 04 34.3 |  25 24 51
43 HD89744     7.17  256.000 0.88 0.70  257.0  1.40 | 10 22 10.6 |  41 13 46
44 HD202206   14.68  258.900 0.77 0.42  554.0  0.90 | 21 14 57.8 | -20 47 21
45 HD134987    1.63  265.000 0.82 0.37   53.7  1.05 | 15 13 28.7 | -25 18 34
46 HD17051     2.12  312.000 0.91 0.15   63.0  1.03 | 02 42 33.5 | -50 48  1
47 HD92788     3.88  337.000 0.97 0.28  113.0  1.07 | 10 42 48.5 |  -2 11  2
48 HD142       1.00  337.100 0.98 0.38   29.6  1.10 | 00 06 19.2 | -49 04 31
49 HD28185     5.59  385.000 1.00 0.06  168.0  0.90 | 04 26 26.3 | -10 33  3
50 HD177830    1.24  391.000 1.10 0.40   34.0  1.17 | 19 05 20.8 |  25 55 14
51 HD4203      1.64  406.000 1.09 0.53   51.0  1.06 | 00 44 41.2 |  20 26 56
52 HD27442     1.32  415.000 1.16 0.06   32.0  1.20 | 04 16 29.0 | -59 18  8
53 HD210277    1.29  436.600 1.12 0.45   39.1  0.99 | 22 09 29.9 |  -7 32 55
54 HD82943b    1.63  444.600 1.16 0.41   46.0  1.05 | 09 34 50.7 | -12 07 46
55 HD19994     1.66  454.000 1.19 0.20   42.0  1.10 | 03 12 46.4 |  -1 11 46
56 HD114783    0.99  501.000 1.20 0.10   27.0  0.92 | 13 12 43.8 |  -2 15 54
57 HIP75458    8.68  550.000 1.34 0.71  296.0  1.05 | 15 24 55.8 |  58 57 59
58 HD222582    5.18  576.000 1.35 0.71  179.6  1.00 | 23 41 51.5 |  -5 59  9
59 HD23079     2.54  627.300 1.48 0.06   56.7  1.10 | 03 39 43.1 | -52 54 57
60 HD141937    9.67  658.800 1.48 0.40  247.0  1.00 | 15 52 17.5 | -18 26 10
61 HD160691    1.99  743.000 1.65 0.62   54.0  1.08 | 17 44  8.7 | -51 50  3
62 HD213240    3.75  759.000 1.60 0.31   91.0  0.95 | 22 31  0.4 | -49 25 60
63 16CygB      1.68  796.700 1.69 0.68   50.0  1.01 | 19 41 52.0 |  50 31  3
64 HD4208      0.81  829.000 1.69 0.04   18.3  0.93 | 00 44 26.7 | -26 30 56
65 HD10697     6.08 1074.000 2.12 0.11  114.0  1.10 | 01 44 55.8 |  20 04 59
66 47UMab      2.56 1090.500 2.09 0.06   49.7  1.03 | 10 59 28.0 |  40 25 49
67 HD190228    5.01 1127.000 2.25 0.43   96.0  1.20 | 20 03  0.8 |  28 18 25
68 HD136118   11.93 1209.600 2.34 0.37  212.9  1.24 | 15 18 55.5 |  -1 35 33
69 HD50554     4.49 1296.000 2.36 0.51   94.9  1.04 | 06 54 42.8 |  24 14 44
70 UpsAndd     4.29 1308.500 2.56 0.31   70.4  1.30 | 01 36 47.8 |  41 24 20
71 HD33636     7.71 1553.000 2.62 0.39  148.0  0.99 | 05 11 46.4 |   4 24 13
72 HD106252    7.10 1722.000 2.77 0.57  150.7  0.96 | 12 13 29.5 |  10 02 30
73 HD168443c  16.96 1770.000 2.87 0.20  289.0  1.01 | 18 20  3.9 |  -9 35 45
74 HD145675    4.05 1775.000 2.93 0.37   70.4  1.06 | 16 10 24.3 |  43 49  3
75 HD39091    10.37 2115.200 3.34 0.62  196.2  1.10 | 05 37  9.9 | -80 28  9
76 HD74156c    7.46 2300.000 3.47 0.40  121.0  1.05 | 08 42 25.1 |   4 34 41
77 EpsEri      0.88 2518.000 3.36 0.60   19.0  0.80 | 03 32 55.8 |  -9 27 30
78 47UMac      0.76 2640.000 3.78 0.00   11.0  1.03 | 10 59 28.0 |  40 25 49
----------------------------------------------------+------------+----------
*http://simbad.u-strasbg.fr/
